Eigvals	3
70.10499394266787	18.34695486157792	12.9323076320369

Proportion explained	3
0.907013150890631	0.06212174645272238	0.03086510265664664

Species	646	3
MJ006-2-barcode50-umi172706bins-ubs-3	-3.1049891442932767	-0.7742772461422402	0.10820163975679639
MJ006-1-barcode28-umi162137bins-ubs-3	-2.2006148483078025	-1.1798833387834262	-1.059255263354255
MJ020-1-barcode30-umi109337bins-ubs-3	-0.5036679126237211	0.48092058662634457	-0.061604464515906066
MJ006-1-barcode46-umi1213bins-ubs-45	-4.156933852394376	-0.011851082550601647	0.21047153525244872
MJ006-2-barcode73-umi163376bins-ubs-3	-3.168666289797911	1.7745311179012753	-0.3426618666139159
G004558915	-3.2725914372537956	-1.6471080081926228	1.0439784692604905
MJ006-1-barcode28-umi149743bins-ubs-3	3.1257906687168973	0.10239413596935737	-0.0949479979586114
G001436475	-3.790008720841382	0.39218657298252213	-0.00881789358822177
G000472345	2.0226231711465563	0.7649569004998595	0.41185334730477724
LC374363	3.71632858991163	0.02326622827650407	-0.0624740565801812
MJ006-1-barcode48-umi141959bins-ubs-3	3.7244115422050466	-0.001184553933625962	-0.11571557210790477
AM600682	3.4789516271961074	0.5468633111325121	0.8089419145950655
MJ006-1-barcode39-umi110577bins-ubs-4	0.6047957991507857	0.4275567806292915	0.39480013276390236
AB100804	2.9381055067526454	0.5472017401561554	0.8818278606360808
G000648015	2.293381605975783	0.6600426579526052	0.8164245893481842
MJ006-1-barcode27-umi34805bins-ubs-9	1.1089729973103846	0.5594047702918059	0.7893753378526585
MJ006-1-barcode39-umi78635bins-ubs-6	3.699272962124223	0.04142859843504227	-0.04132825063153392
JX861483	-1.630534049423617	0.2638798239622875	0.3155494574492617
MJ006-1-barcode39-umi101486bins-ubs-5	2.371830211218276	0.4365724722729913	0.7325962274128812
MJ006-1-barcode39-umi230245bins-ubs-3	-0.2214569209644692	0.8648178980488099	0.12609599401628174
MJ006-1-barcode39-umi136432bins-ubs-3	-0.3829489338486796	0.6656518258277464	1.2583828011051723
KP001330	0.8499051067023743	-1.023935490398851	-0.8927834834085381
MJ006-2-barcode65-umi23008bins-ubs-12	3.6221464947089257	0.004704776545766282	-0.11546994110997548
MJ006-2-barcode52-umi181736bins-ubs-3	-2.0677504383972165	0.10523015199623238	0.39414839763927095
MJ006-1-barcode39-umi104051bins-ubs-4	0.3509530863076214	1.084496025534703	0.379295868241747
MJ006-2-barcode74-umi245472bins-ubs-3	-1.8546478321011355	0.7028437407049446	-0.16114278478000232
MJ005-barcode66-umi55812bins-ubs-4	3.546040929983332	0.4625243224458583	0.688589076786401
G000157995	-0.7848439339519485	0.2821577728689626	0.23755311976871957
MJ030-1-barcode26-umi108634bins-ubs-3	3.672997279642193	-0.09195959597877426	-0.13076147943587213
MJ006-1-barcode38-umi101137bins-ubs-4	3.5752913852547086	0.000984312538223164	-0.07284548760219499
AB595128	0.6482370860717799	0.9689513957870364	-0.04640310901533201
KY992930	-2.1365189512139344	0.26543366158909776	-0.24600241223635966
MJ005-barcode41-umi65459bins-ubs-4	3.9761875608694104	-0.1922235541983949	-0.12310967714063287
MJ006-2-barcode52-umi126437bins-ubs-4	-1.4278642821563123	0.8159915423325375	0.5404344160084223
KY992931	-1.237111632391534	0.03931762245608785	0.1937833297697104
G000437715	3.534762888115518	0.6088435913727738	0.9557836965468076
MJ030-1-barcode27-umi72367bins-ubs-6	-2.117017416753456	0.17474654569674292	0.019933986879043616
MJ006-1-barcode40-umi115706bins-ubs-4	-0.28431510419775485	0.5550826169183514	-0.5487515246650928
G000154805	0.14196591835874717	-1.4772830645719401	0.13767992674641408
DQ100445	-0.5090682772935778	0.2363468770840934	0.0039650899599075525
MJ006-1-barcode40-umi52127bins-ubs-8	1.335758121020029	0.775312476948172	-0.056095707362540756
G900114575	-1.4544159548590483	0.4953822208872492	0.10435762100770625
MJ030-1-barcode27-umi100851bins-ubs-3	1.9315531363557221	0.10330532708388424	-0.02170768735157048
AB558487	0.5869409222784525	-0.34558753857443686	-0.11872949536301469
MJ030-1-barcode49-umi6677bins-ubs-60	-2.1379133329119133	0.5925555185319639	-0.3648507778587461
MJ006-2-barcode62-umi112167bins-ubs-4	3.5323783592846283	-2.436648331936858	0.6469458332195711
KR364771	-1.831187254257791	0.6036622607126769	-0.2944460299246438
MJ006-2-barcode52-umi80345bins-ubs-6	1.1161713461681964	0.5576290599184254	0.3742195961265412
MJ006-1-barcode26-umi141178bins-ubs-3	0.7955726313456017	-0.22666126749421625	-0.6929699110731052
MJ006-2-barcode62-umi232153bins-ubs-3	3.7245442814163847	-0.001304980298039291	-0.11571095619705866
MJ006-2-barcode52-umi171219bins-ubs-4	3.0193933033906015	-0.488615947523562	-0.3643231441596289
MJ006-1-barcode38-umi118150bins-ubs-4	-1.7606174885045922	-0.2876507299032206	0.2547036358791452
MJ006-1-barcode31-umi165050bins-ubs-4	-1.4599727968228824	-1.9712853537835409	0.4246641575285717
MJ031-1-barcode44-umi28351bins-ubs-11	2.907007472574504	0.23985508073650988	-0.1748403639809106
MJ006-1-barcode38-umi64003bins-ubs-6	-1.1089318774266446	-0.07992868775159281	-0.5034378829562953
MJ006-1-barcode37-umi125240bins-ubs-3	-2.721489449723511	-0.7984818493134109	-1.4307627074533156
MJ006-1-barcode26-umi204238bins-ubs-3	2.6247956666094683	-0.04596690098993689	0.6939703111908557
MJ006-1-barcode31-umi173022bins-ubs-3	-3.5151853425238313	0.4559862740036981	-0.15533903983577327
MJ020-2-barcode64-umi909bins-ubs-371	-0.38022035304652063	0.47038145099549566	-0.3055072382925842
G900552765	0.06718503688437037	-1.4052645634974794	0.11088760494837877
MJ006-1-barcode38-umi104566bins-ubs-4	-3.5355555827963894	-1.15909341228048	-0.18137121740149556
MJ006-1-barcode38-umi102965bins-ubs-5	2.1813075250390788	0.09613100452559609	-0.29106803887155874
MJ006-2-barcode53-umi18634bins-ubs-16	2.525532985695648	0.23524418520766147	-0.1935083281038784
G900549925	3.670371656741114	0.6088358032452468	0.9999035631136699
MJ005-barcode49-umi69725bins-ubs-3	-3.3273443969854677	-0.9359167600692754	-0.2424294963639132
G000187895	1.6025019814396095	1.124135521343345	-0.18242824556963455
MJ006-1-barcode39-umi155668bins-ubs-3	-3.891100694456036	0.3844226057110041	0.004476902599449338
MJ006-1-barcode46-umi129937bins-ubs-3	-4.825565139471367	0.284679861798428	0.5060464374313891
MJ006-2-barcode65-umi181149bins-ubs-3	3.6698147379659956	0.03140094777744322	-0.10291521859988154
MJ006-2-barcode72-umi112070bins-ubs-5	-5.071655183811602	-0.8856703196843044	1.8938956327145042
AY126616	-6.494409215246203	0.31737469796875983	3.111691975905597
MJ006-2-barcode53-umi209442bins-ubs-3	-1.5763520411363108	0.3660011176088875	-0.29140378435545244
MJ006-1-barcode45-umi146727bins-ubs-3	-2.8159770311771712	1.3352007626377236	-0.2313531213912059
AB510711	-2.909076889311883	0.000880186309668653	-0.34790155841148185
MJ006-2-barcode58-umi107784bins-ubs-4	-0.14481060050607325	0.4091114133983327	-0.10654186125530318
MJ030-1-barcode49-umi75060bins-ubs-7	0.5868310511693201	-1.7254432213292459	0.11996441556616394
MJ006-2-barcode62-umi94507bins-ubs-4	-3.5044625597816887	0.2243983320738524	-0.6924926235521189
AB490801	-3.6922222860209644	1.9002838069432753	-0.3292493847583531
MJ006-2-barcode74-umi167704bins-ubs-3	0.4436488965147225	-0.8829861237723884	0.15541926264526784
MK584158	-4.639386993192344	-0.019724302003779656	0.3681842172421256
MJ006-2-barcode67-umi1239bins-ubs-70	-1.9518775713847563	0.32514402818540367	0.07114192136249911
AB214328	-2.1863868465366867	-0.7970246794350433	1.4684408169883292
MJ006-1-barcode38-umi101308bins-ubs-4	-2.889792289134718	0.23643473576145968	-0.978664917065913
AB547640	-0.27290970448063057	-0.5001822300188505	0.06076015765053283
MJ006-1-barcode39-umi102193bins-ubs-4	3.41040801307131	-3.014049989555374	0.5092839790405964
MJ006-1-barcode37-umi103925bins-ubs-4	-1.2031432994155604	-1.7809684029462831	-1.5003664246829849
MJ006-1-barcode29-umi157218bins-ubs-4	-4.453643368455673	0.5823564646498423	0.2787037942724758
MJ006-1-barcode32-umi55841bins-ubs-8	1.6089416138841837	1.1919903798775602	-0.08828178626544428
MJ006-2-barcode62-umi176440bins-ubs-3	-2.8759981498107177	0.2700316693228107	-0.12250185428787264
MJ006-2-barcode73-umi169711bins-ubs-3	-3.5721282073842424	-0.15768388416181942	-0.8569368607156369
MJ006-2-barcode73-umi142785bins-ubs-3	-4.804480330643386	-0.4462650121473864	-0.3964134839737106
MJ006-2-barcode74-umi209556bins-ubs-3	-5.218704472351805	1.139459868842051	-0.37185594079254314
MJ006-2-barcode62-umi163332bins-ubs-3	-4.641839476540446	-0.43105065704121154	-0.4023602596980865
MJ006-2-barcode62-umi111775bins-ubs-4	-0.6424276888309386	0.4721799841844507	0.35446066521607145
G000235885	2.063880773143465	0.7501558125896921	0.3623350262090822
G900539795	-3.640821174856964	-0.27516937857364704	-0.5964258328611913
MJ010-1-barcode30-umi159632bins-ubs-3	0.7053864673797722	-1.4575811264157574	-0.7309045999700952
MJ006-2-barcode62-umi145224bins-ubs-3	-4.182093424504011	0.4036715686509516	-0.13488360615809164
MJ006-1-barcode38-umi138609bins-ubs-3	-3.3985669730870294	0.1134056882738972	0.18629833725407832
MJ006-1-barcode38-umi141074bins-ubs-3	-1.0875396227509013	-0.0885554306912662	-0.031211537746486637
MJ006-1-barcode28-umi141683bins-ubs-3	2.2968570004905846	0.21937779245110667	-0.4175428135182407
G900551515	-1.3944625493328864	-0.6685582075390105	0.14999434541103518
MJ006-2-barcode55-umi189672bins-ubs-4	-1.719738371445167	0.5654804113921188	-0.3721188869930332
MJ006-1-barcode27-umi123307bins-ubs-4	0.5510607798189016	-1.7383596501525882	0.11990832779414849
LC468789	-3.878536124649799	0.4691201810696959	0.9596706179230319
LC468801	3.3296647988006436	0.042302051461922445	-0.12249204222665079
MJ006-2-barcode53-umi182866bins-ubs-3	-2.8506664102169705	-0.5528682309871265	0.9595393027571673
MJ006-2-barcode58-umi74372bins-ubs-7	-0.005026332905421877	0.20632628609714668	0.06121903288728026
AB600999	-3.2601914651860717	-1.117190644473544	-0.09344716048735303
MJ006-1-barcode31-umi32290bins-ubs-12	-3.166680032487556	-0.20209968669589165	-0.23347636474502315
MJ006-1-barcode30-umi97419bins-ubs-4	3.308990218320421	-0.0754122657013097	-0.18272210525630256
MJ006-2-barcode65-umi119381bins-ubs-4	-3.6141473862542366	-0.04426253416566373	0.7571508083117557
MJ006-1-barcode35-umi110232bins-ubs-4	-5.194846851915374	-1.4801945975113466	0.04901150432351433
MJ006-2-barcode59-umi171842bins-ubs-3	0.015381675450183825	-0.721912493128415	-0.047856572634143855
MJ006-1-barcode48-umi225078bins-ubs-3	1.1406281650443548	1.034851185368258	0.37194673692790964
MJ006-2-barcode69-umi153123bins-ubs-3	-1.6254140071988192	0.03555770857549517	0.26384518740069385
MJ006-2-barcode70-umi166643bins-ubs-3	-2.351352815794706	-1.2658752470120613	-0.7596506254366674
MJ006-1-barcode39-umi137055bins-ubs-3	-2.863228921709233	-0.9742654412341474	-0.23609225861645045
LC468799	-1.4239979293352278	-0.12508768183837957	0.03789907282471284
MJ006-2-barcode58-umi165305bins-ubs-3	-2.217509137866761	-0.33859472345380104	-0.027412638117615535
G000321205	1.4121200309211008	1.5710060551892933	0.38708056683516734
AB222699	-3.54516784090366	0.2209031322612929	-1.0166194677161253
MJ006-1-barcode38-umi103398bins-ubs-4	0.7361075307718162	-1.4212763439886529	-0.7293492269549781
MJ006-2-barcode70-umi173297bins-ubs-3	-5.388579120299566	-1.1300347310759618	0.26029620585823987
MJ006-2-barcode70-umi264728bins-ubs-3	-6.795242552130089	-1.4172793220514444	0.41688023524258255
MJ006-1-barcode38-umi154953bins-ubs-3	-2.538269968924083	-0.5192374927292013	-0.2918919077300608
MJ006-2-barcode51-umi206876bins-ubs-3	-4.504792119506946	-0.040439616170786966	0.24596818223979963
AB238928	-2.5299035977790667	0.4205462529412904	-0.15140409935284685
MJ006-1-barcode33-umi166477bins-ubs-3	-2.6510636986885743	-0.18006507146923634	-0.41233494190297915
AB261128	-2.256710476758483	0.11684810444271881	-0.3186845878470539
MJ006-2-barcode65-umi149204bins-ubs-3	-3.4597168208304288	0.019772229038892305	0.06315915574466381
MJ006-2-barcode69-umi180908bins-ubs-3	2.403952316626761	0.04249290933380281	-0.22680541023014672
MJ032-1-barcode33-umi31449bins-ubs-11	-1.0317248908955563	0.07196952036915683	-0.23796238342324405
KX025133	-2.156934026475585	-0.4205710136038676	-0.03926278400235959
MJ006-2-barcode54-umi104695bins-ubs-4	-4.95998443796294	0.5239637762425435	0.5493123712974266
MJ006-2-barcode60-umi95568bins-ubs-5	-3.859345456373493	0.6388265145022367	-0.26117357531741753
MJ006-2-barcode58-umi170693bins-ubs-3	-3.9814908277914745	-0.9745009541732457	-0.1191567339437489
MJ006-2-barcode58-umi107490bins-ubs-4	-2.0532403295401793	-0.672074595086889	0.40240735846411047
AB490803	-1.4455838296640802	-0.37178761963395685	-0.31392120886502634
MJ010-1-barcode30-umi116319bins-ubs-5	-0.6804414773557881	-1.201775133858102	-0.8632186378733088
MJ006-2-barcode62-umi130278bins-ubs-4	0.9886965520357521	0.23976086568983615	-0.18827943438296696
MJ006-2-barcode73-umi187671bins-ubs-3	1.608638616216891	-0.19104150325625888	-0.12102503902833502
MJ010-1-barcode30-umi143834bins-ubs-3	-2.472100382923391	0.4093141615509573	-0.12186717528535257
MJ006-2-barcode72-umi115382bins-ubs-4	0.7022365769319739	-1.4659157679271155	-0.7317910846636482
G000185845	3.724157084871155	-0.0012852588915719374	-0.1156158096589085
MJ006-2-barcode74-umi168766bins-ubs-3	2.0464813209217416	0.755776292800254	0.3956686216624704
MK567960	-3.803172514497628	0.3913422831651471	-0.004165154138567667
MJ006-2-barcode72-umi97812bins-ubs-5	0.7074282707992601	-1.447286861830866	-0.7228718344667691
MJ006-1-barcode48-umi25964bins-ubs-11	3.531311507204935	0.5820512630003497	0.8875410313709232
MJ006-1-barcode34-umi16733bins-ubs-15	3.6475314068374227	0.6152583328461255	0.9898428440160606
MJ010-1-barcode41-umi160418bins-ubs-3	-1.963018849768693	0.5425684163580191	0.2573938534201325
G001915615	-0.07062234848319386	-0.6366512558715818	-0.0820382502078215
MG963286	0.0005843724353102373	1.0559845851223326	-0.2762848814618016
AB443949	0.06577744738646232	0.3558662737476049	0.25510169203578337
MJ006-2-barcode69-umi158823bins-ubs-6	3.7243504045902607	-0.0010623406157232189	-0.11562131920312459
MJ006-1-barcode39-umi144965bins-ubs-3	0.16331565898876185	1.424700493909916	0.006379616516036906
G000009925	-2.1940430368411845	-3.1498988367869933	-0.515570757858865
AB242142	-1.8272151671027321	0.15451798800601155	-0.12039189540352986
MJ032-1-barcode33-umi39483bins-ubs-8	-5.424324615069395	-0.07433605368849285	0.8031560930541477
MJ005-barcode42-umi85849bins-ubs-3	-6.055814878664181	-1.1832027885059595	0.38939095785361205
MJ006-1-barcode28-umi147985bins-ubs-3	-1.4522553790661241	-0.479666222393752	-0.1445106258763521
MJ006-1-barcode28-umi164319bins-ubs-3	-2.549708540499026	-0.16856355407664417	-0.16567618533669137
MJ006-2-barcode64-umi131324bins-ubs-4	2.0244392694979596	-0.1575929948137798	-0.13730124780313388
AB510710	-4.769348706605464	0.24541056167905462	1.2465458759121661
MJ006-2-barcode61-umi114471bins-ubs-4	0.07823288054515865	0.47168152584784007	-0.056415662737215246
MJ006-1-barcode40-umi54882bins-ubs-7	-0.3171539398040077	-0.46262708915297523	0.08816994870214194
MJ006-1-barcode48-umi121402bins-ubs-4	-2.202359518631697	-0.5397428353123153	-1.1941274191573705
MJ006-1-barcode48-umi108189bins-ubs-4	0.3386311580259004	-0.2935336326416101	-0.7031140102372065
MJ030-1-barcode27-umi49109bins-ubs-12	-2.1612030281967427	-2.592473426454117	0.5424266202023107
G001701255	-2.2122913053239133	-0.9069478156241928	-0.29998928571351935
MJ006-2-barcode65-umi152766bins-ubs-3	-1.637807578816981	-0.7698689565116212	1.1766321579344239
MJ006-2-barcode70-umi107636bins-ubs-4	-0.1284486687905829	-1.3427851445882222	-0.22166644642868993
MJ006-1-barcode43-umi183932bins-ubs-3	-2.3816444700473376	0.261929791777977	-0.9507348373223512
G000598965	-2.9974246555538215	0.1499933924516704	-0.11402868035705611
MJ006-1-barcode32-umi136597bins-ubs-3	-0.4409647320146606	-0.6086405481483989	-0.3292045231460613
MJ006-2-barcode58-umi134610bins-ubs-4	-0.49754116811847854	-0.5335068793874751	-0.14940844653566343
G002438635	3.5024669268636432	0.5688890127807446	0.8389632952368907
AB547651	-1.8967275521081715	-1.0540941501361032	0.07880491863221196
MJ006-1-barcode38-umi64388bins-ubs-6	-2.571324405166078	-1.399645295865888	0.12498427558729491
MJ030-1-barcode27-umi113876bins-ubs-3	-2.26416742421713	0.5504310058793898	-0.8631277886262315
MJ006-2-barcode54-umi268101bins-ubs-3	-3.395271819323216	-0.3085528620779207	0.9465089542648488
MJ006-2-barcode62-umi153195bins-ubs-3	0.39741734861148165	-0.7983172353086714	0.37904112314407523
MJ006-2-barcode69-umi149253bins-ubs-3	0.19673497133810794	-0.2767111439332795	0.20660485360667558
MJ006-2-barcode58-umi117975bins-ubs-5	-4.016534302810542	0.20086599224539955	0.08094055248235692
MJ006-2-barcode59-umi190319bins-ubs-3	-2.863754640636318	0.554181049368592	-0.8292127679389517
MJ006-1-barcode48-umi157820bins-ubs-3	-3.2001407347671753	0.24496714691829988	0.1712876399548343
MJ030-2-barcode67-umi68338bins-ubs-9	-1.4428234374996798	-0.7628373373495786	-0.2878491843655176
G900538745	-1.4263173413412242	-0.8051252762121162	-0.32486156258587034
MJ006-1-barcode30-umi126369bins-ubs-3	-5.502121802342727	1.801040355237653	-0.747894593243973
G008667865	-1.7707690376076217	0.32958420734416694	-0.19187855516710597
MJ006-1-barcode32-umi100692bins-ubs-4	-4.618741921907949	-1.3445770767232157	0.13805866448357754
MJ006-1-barcode26-umi157230bins-ubs-3	-1.3867756578036328	-0.7743708198923352	-0.34037010604994095
MJ006-1-barcode32-umi101369bins-ubs-4	-3.5807760645058644	1.878151158717683	-0.3254873036247301
MJ006-2-barcode65-umi104221bins-ubs-4	-0.10334560586574436	0.23215595882021411	-0.005461395175399164
MJ006-1-barcode42-umi118296bins-ubs-4	-1.8242997756103092	0.09548755583169588	-0.13173562925774215
MJ006-1-barcode43-umi161190bins-ubs-3	-1.4163741105607843	0.24376000776315346	0.14613359172394685
MJ006-1-barcode48-umi159488bins-ubs-3	1.48434791429515	-1.1052811590627574	-0.7041822625093176
MJ005-barcode33-umi12779bins-ubs-15	-3.3091839073332983	-0.1538883260742787	0.18066251621015697
MJ006-1-barcode39-umi110584bins-ubs-6	-1.3735581326549067	1.143938863661525	-0.08273189505523332
MJ006-2-barcode65-umi54838bins-ubs-7	3.69579302941682	0.016650481138883018	-0.10730983596119299
MJ006-1-barcode26-umi102566bins-ubs-4	0.33178666192758005	0.5083723171883995	0.33093136800680556
MJ006-1-barcode26-umi115756bins-ubs-4	-0.5920537152734702	0.7441355022082732	0.051753917040073705
MJ010-2-barcode55-umi155379bins-ubs-3	-1.684715318784037	0.24981816474614849	-0.8485676793205031
G900142265	3.1096003070724563	-0.07723004744762789	-0.1585411040492017
MJ006-1-barcode26-umi112828bins-ubs-4	0.6908772342309415	0.18723157620205336	1.582147112999584
MJ006-1-barcode38-umi115514bins-ubs-4	0.4005121982201353	0.09059169243833386	-0.7248970349964972
MJ006-2-barcode70-umi181047bins-ubs-3	1.2112388853734288	1.0000077584887315	-0.020195022887929643
M58739	-2.206121980144559	0.5805036575640773	0.08634477804374426
MJ006-2-barcode52-umi18344bins-ubs-13	0.12410415041786967	1.2914958573992525	-0.1508544870579286
MJ006-2-barcode68-umi118815bins-ubs-4	-2.6710085332185196	0.15632819439569154	-0.4085252716688657
G003150645	-4.22762336231032	-0.9823028316545466	-0.038418770652490074
G900539325	-5.369027334777051	0.5163037938411149	0.5848099230891244
MJ005-barcode50-umi107842bins-ubs-3	0.40964470407929654	0.4750483235698629	-0.1090285925615517
KY797643	3.6387651576574753	-0.010794786009441748	-0.12458782370158641
Y13249	-3.6042263528152527	1.2222390197689468	-0.8936777035174446
MJ006-2-barcode69-umi177550bins-ubs-3	0.028360704548831966	0.9034685474852046	-0.3382225983349679
G000779535	-1.5840512886027593	0.6480757767515963	0.2828384128079534
MJ006-2-barcode69-umi47960bins-ubs-8	1.3048436192831687	0.50866558611372	-0.4539073199143799
Y17657	3.7243664205971583	-0.0012206673507634401	-0.11564219655055422
AF130982	2.444642863329181	0.07635283569906569	-0.054149291233441504
X87758	3.7243315251708404	-0.0012439143438034322	-0.11568464434257196
G001042635	3.619560178563279	0.05042922230351175	-0.10949326945222783
AB116313	-2.153494418836936	0.6001216128826216	0.19965009875715375
AB924532	-0.9708130910641776	1.3627757277342394	0.08271189224733597
G001025175	-3.2075314584266135	-0.9528150649600513	-0.19753828754680014
U25952	-3.437437686877966	0.2434140015078536	-0.20274875213651006
KF990498	-2.483675733524899	0.41984041678906503	0.4729098930409688
AB116294	-1.4129483282057846	0.22428917191135994	0.25379975842570535
D86182	-2.667110449629447	0.035037482247746346	-0.6046228942464479
G000022965	1.2243473595094712	0.2927134426380541	0.7032771713516268
MJ006-1-barcode39-umi126516bins-ubs-3	1.3285527919105882	-0.11889672569278366	0.31101791709513077
MJ006-1-barcode29-umi85296bins-ubs-5	3.2550352722425	0.07272226785632704	-0.17680025325139725
MJ020-1-barcode30-umi62115bins-ubs-6	-0.2898702907099151	-0.8649416689826723	-0.5514160116090436
MJ006-2-barcode66-umi20271bins-ubs-13	3.501939179524715	-0.024408179864715825	-0.125424204700757
MJ006-2-barcode62-umi148638bins-ubs-3	-2.143513050160824	-0.22628342393430878	-0.7873939552427403
MJ030-2-barcode67-umi25530bins-ubs-25	-1.161234745976196	-0.33602908223838357	-0.34357235688460686
MJ005-barcode26-umi17599bins-ubs-11	-0.22421943577593495	0.7126390310347562	-0.2107530619468265
MJ006-1-barcode42-umi145145bins-ubs-4	0.824616121747497	-0.47201730594527525	-0.6187810185781163
MJ009-1-barcode40-umi88628bins-ubs-3	0.8444361612203223	0.11491627071836548	-0.014047618768208115
G900539105	-2.6993432806702367	-0.004795814262497696	-0.13262955548732588
MJ006-2-barcode64-umi138846bins-ubs-3	-0.17210067387421588	-0.8816392294161529	1.2082720403196425
G008667375	3.227953380464618	0.5859303513432647	0.9233804634924315
MJ030-2-barcode67-umi109773bins-ubs-3	3.7240754463745662	-0.0012566409362744797	-0.1156763131417924
G000173975	2.49908438818709	0.08927720182933316	-0.012507876561017284
MJ006-1-barcode37-umi157336bins-ubs-3	1.8937606974440977	0.5635656585510086	-0.050152067046068255
MJ006-1-barcode40-umi219744bins-ubs-3	-4.116826821579173	-0.06826430090687506	-0.2594068021063267
G001404455	-0.28129360099987655	0.137919537832847	-0.19054287128750672
KR364760	3.5823478422825996	0.037298132775911486	-0.1251731767535059
MJ030-2-barcode67-umi98314bins-ubs-5	2.3533607396354252	-2.450904851797111	0.5671739155420094
MJ006-1-barcode39-umi147065bins-ubs-3	-1.2322068667762835	-0.252823215750473	-0.41855091536873806
MJ006-1-barcode37-umi114697bins-ubs-5	3.72456754735339	-0.0012568629639279542	-0.1156960049255986
MJ006-1-barcode38-umi155082bins-ubs-3	-1.3070867715924572	-0.9992473715668811	-1.0233730551789004
MJ005-barcode57-umi28747bins-ubs-9	-1.8919426744769519	0.6417567173520915	0.20322488361815647
MJ006-1-barcode46-umi207799bins-ubs-3	3.4806840636601586	0.5481765487317457	0.8314018930009719
G003457795	-3.8409231334466454	0.20666513556017063	-0.19898690340237649
MJ006-2-barcode60-umi113711bins-ubs-5	1.4345097687161332	-1.8496285706466986	-0.35988984728102147
AY305310	-3.2781633386402853	0.08303201363818724	-0.2526232995779024
MJ006-2-barcode65-umi148164bins-ubs-3	3.421258019212507	0.1590842549354265	-0.09531804999511842
AB698910	3.716005517221283	-0.0368581539000832	-0.16712214596544725
MJ006-1-barcode40-umi101545bins-ubs-5	4.461210632916269	-1.3294315537934525	-0.14176356472504542
AB233029	-0.618067826850838	0.09621851128358108	0.23788302436160752
MJ009-2-barcode52-umi132671bins-ubs-3	1.8931026912024091	0.10367754139654638	-0.09724656676768892
MJ006-1-barcode38-umi164759bins-ubs-3	1.2881394206300005	0.04301336715260748	-0.22260637868005562
MJ005-barcode25-umi17993bins-ubs-12	2.9693252174265936	-0.09131962385646802	-0.1319645862362212
MJ006-2-barcode52-umi154129bins-ubs-3	-0.5690931114805512	0.9395036125843749	-0.7391396032190496
MJ006-2-barcode52-umi59436bins-ubs-7	3.0431734928990317	0.14368188974128931	-0.17838209653964254
MJ006-2-barcode64-umi146588bins-ubs-3	-1.3420786326808827	0.15563426652485315	0.28990028245695737
MJ006-2-barcode61-umi190207bins-ubs-3	-0.8330592342034163	0.2260635081501341	-0.09050055521285158
AJ413954	0.29759565507582414	0.03887598519400148	-0.06599696759741912
MJ006-1-barcode37-umi133973bins-ubs-3	2.8126955238468927	0.005654445431569175	-0.3527827053406441
MJ020-1-barcode30-umi35868bins-ubs-13	0.4998614769216115	0.37995277467432115	0.09311744337014972
MJ006-2-barcode52-umi155717bins-ubs-3	3.28704405834277	0.029910191880652696	-0.1506893829073162
MJ006-1-barcode33-umi146673bins-ubs-3	0.19791674937034223	0.674204926896808	-0.20813052065437884
MJ006-2-barcode50-umi154841bins-ubs-3	0.9992993581194005	0.26661194951295036	-0.1952120948113347
MJ006-2-barcode69-umi174136bins-ubs-3	-0.33398252644719156	0.18944587564342766	-0.09227468206981992
MJ010-1-barcode41-umi133177bins-ubs-4	0.8222645670417085	-0.1502353913171802	1.3558602108670657
MJ006-1-barcode38-umi129485bins-ubs-3	3.646739348888079	-0.010116451666963669	-0.11867020963823793
MJ006-1-barcode37-umi154219bins-ubs-3	3.267171676863303	0.04739151924897595	-0.1502706119619371
MJ006-2-barcode63-umi7377bins-ubs-22	3.627099796190006	0.03548738683811401	0.001970813635723118
MJ006-2-barcode61-umi53595bins-ubs-7	-1.620096466003106	1.360414628768507	-0.3518677807921254
G004563615	-2.750049865180076	-0.034775741019939035	0.6187379449684869
G000420465	3.721440548024424	0.016455902829707117	-0.07510162009207506
MJ006-1-barcode49-umi33652bins-ubs-9	0.22003125696200318	0.6358325965123067	-0.5185136468687699
MJ006-2-barcode57-umi104473bins-ubs-4	1.8559979469613372	0.5934296800433039	0.013878217181216373
KP889099	-3.179479790394069	-0.04636838153742463	0.19199253977788477
MJ006-1-barcode46-umi18951bins-ubs-14	3.614717938524674	0.017980756331674824	-0.12087665275443973
MJ006-1-barcode48-umi159380bins-ubs-3	-0.70518956379662	0.11231390806812895	-0.4058205537868871
MJ006-2-barcode61-umi65514bins-ubs-6	-3.14551229915273	-0.6570344861412002	-0.03388411602617654
MJ006-2-barcode66-umi115764bins-ubs-4	3.039621574386654	-0.044207924104714275	-0.3255163708465227
MJ006-2-barcode66-umi97810bins-ubs-5	-1.7696876918771667	-0.4392162168240063	-1.040231126496876
MJ006-2-barcode65-umi95747bins-ubs-5	1.4344165404682752	-0.6310282093632216	-0.9065806424943557
MJ005-barcode65-umi53832bins-ubs-5	-1.6951836604921262	0.18670776981180007	0.03205320496766387
MJ006-1-barcode43-umi205212bins-ubs-3	-3.647861497283031	0.19148531727629886	0.38939974767902824
MH400075	1.0606817103448385	1.045287950844473	0.21675261267162108
MJ006-2-barcode50-umi239810bins-ubs-3	-2.6366040844794845	0.28029264541764076	0.47953271369194433
MJ006-1-barcode45-umi86683bins-ubs-5	-0.7351376218538948	0.913868942663655	-0.6877935257805763
AJ290755	-1.0943800793676006	-1.407199645057636	-0.1201306644239567
MJ006-1-barcode47-umi140933bins-ubs-3	-3.132815811555163	0.010067772150318713	0.4759345561211697
MJ006-1-barcode38-umi160209bins-ubs-3	2.5821028074699974	0.17231853358455584	-0.1937224714310043
MJ006-2-barcode51-umi110619bins-ubs-5	2.71630310718111	0.17401652592428485	-0.19300678073718228
MJ030-2-barcode67-umi79079bins-ubs-6	-2.4072499816746062	1.6084849968942891	-0.341043159926432
MJ006-2-barcode71-umi123620bins-ubs-4	-1.7159213968477334	0.5076648214171441	2.397143480550127
MG963288	-2.2373810489353856	-0.2078044235853375	-0.05952504358341892
MJ006-2-barcode69-umi231837bins-ubs-3	-2.883553035042081	-0.5957612082097191	-0.04177413632277198
G900551395	-2.6414282020607187	-2.251653125697013	0.8276700695196743
MJ006-2-barcode69-umi38362bins-ubs-10	0.06263669032654066	-0.2876110016776023	-0.8387996482596146
MJ006-1-barcode38-umi136348bins-ubs-3	2.39559427246085	0.01388759681876508	-0.03170195556370509
KC311367	-2.002813787878412	0.06613466866637792	0.3332791719296766
MJ006-1-barcode38-umi139950bins-ubs-3	-3.317755076257537	-0.3680162277824773	-0.417734484171479
MJ006-1-barcode26-umi158263bins-ubs-3	3.2241001392082222	0.5529953510606664	0.9893612485020761
MJ020-1-barcode30-umi124015bins-ubs-3	1.9949246993139134	0.410538920542598	-0.11722495539093723
MJ006-1-barcode39-umi145585bins-ubs-3	-1.9172920966050275	-0.43267357388926425	-0.0008255518135210423
MJ030-2-barcode67-umi109915bins-ubs-3	-2.3186910280201856	-0.03203784208274357	-0.3641757837613343
MJ006-2-barcode64-umi114212bins-ubs-4	3.6412807065757637	0.14160638560018793	0.10372904146137309
MJ006-1-barcode35-umi144420bins-ubs-3	3.6652127534320864	0.020177028927816608	-0.06299116743954714
MJ010-2-barcode59-umi105272bins-ubs-4	3.7225974397747312	0.00942372260354508	-0.09438704185051434
MJ006-1-barcode31-umi33815bins-ubs-10	-0.1422173160141459	0.15468009167008887	-0.2012537213041028
MJ020-1-barcode30-umi124347bins-ubs-3	1.0773220760263746	0.20908968867029254	0.14772393619142254
MJ006-1-barcode31-umi86567bins-ubs-5	3.619361254693215	0.31405305382254756	0.45083674916391675
MJ006-1-barcode38-umi159796bins-ubs-3	1.7764340131802696	0.48558159662506833	-0.26513670157643876
MJ006-1-barcode38-umi139569bins-ubs-3	3.4389096567536392	0.028663335711080536	0.009811190355892372
MJ006-1-barcode31-umi169822bins-ubs-3	-0.6093708164235156	-0.7449275959362662	-0.22716198592584905
AGCK01000014	-2.7566649845354463	0.15657719064625206	0.0031687738565990917
LN866996	2.3502670742314904	-0.503179818903939	0.08864325025055739
MJ006-2-barcode65-umi224243bins-ubs-4	-1.1388963672899939	-0.0016028063150923025	1.8752379959155734
MJ006-1-barcode38-umi225034bins-ubs-3	-2.4406063163799088	0.2816052086602872	-0.4643204807724513
MJ006-2-barcode62-umi175727bins-ubs-3	-5.231562464697687	-0.14970282952572836	2.2948564312345714
MJ006-1-barcode37-umi144080bins-ubs-3	3.6333863669343422	0.2765007136344546	0.3884909683239366
MJ010-1-barcode30-umi140907bins-ubs-3	-2.916401810940428	-0.865988435231815	0.39928640804277854
MJ006-2-barcode60-umi164883bins-ubs-3	-1.5883194616523886	0.23699075513413506	-0.8017636298162051
MJ006-1-barcode38-umi147565bins-ubs-3	-2.361745521549659	-0.2357038076136393	-0.8217453287472034
G902387315	-0.38525936752993745	-0.3430567307279013	0.4119973828244522
MJ006-2-barcode70-umi122999bins-ubs-4	-0.6981696519796086	-1.560758119448186	-1.3281684678984191
LC371917	0.0663589400806357	-0.8845729050520525	0.20618693276051323
KF447772	-1.9621830767458377	0.45509668641521484	-0.09769420169251769
MJ006-2-barcode63-umi134737bins-ubs-4	-0.6614857088980985	-0.3678992667140544	-0.5350580225165212
MJ006-2-barcode69-umi108127bins-ubs-4	-3.044678579476542	-0.1401522856973162	-0.19597103995474957
MJ006-2-barcode62-umi163648bins-ubs-3	-0.4653206638450568	-0.8895837607113957	-0.4807535640156475
MJ006-1-barcode37-umi182710bins-ubs-3	-3.639413441590003	1.8952610019030351	-0.3274564578192427
G900545235	-2.2933338823817944	0.05172148977723624	1.0593729998161643
MJ032-2-barcode65-umi107705bins-ubs-3	-2.8850421369400294	0.4709177435292096	-0.05488519038061934
MJ006-1-barcode35-umi143487bins-ubs-3	0.7430286928994481	0.045848978880714944	0.564400143850674
MJ009-1-barcode25-umi105247bins-ubs-3	3.631754084323215	0.04412244064998541	-0.012683042102523861
G004555965	-2.659863802636059	-2.7407180580204487	0.6209724127112461
MJ006-1-barcode46-umi135319bins-ubs-3	1.3891055288662508	0.34207933913116795	1.5109187742721177
G011957885	3.720999577281998	0.0008487989626330854	-0.11415568649249679
G900538815	-0.4282619057165362	-0.9413756430690866	0.13684137610256622
MJ006-2-barcode65-umi125708bins-ubs-5	-2.0153128108072367	0.3759280055681526	-0.26650490004285937
AY574991	3.620366095352518	0.05095626775334512	0.030450598179412185
MJ006-1-barcode31-umi102386bins-ubs-4	3.5455042468856846	0.04043124447824995	-0.11701237691218405
MJ006-1-barcode39-umi107659bins-ubs-4	-1.3761805432615146	0.5577720138206097	0.11994851861913026
MJ006-1-barcode28-umi143164bins-ubs-4	-2.6989557594478595	-0.4934633375193795	1.2882754898522943
MJ006-1-barcode39-umi143835bins-ubs-3	3.573167163384847	-0.019398701688320107	-0.1350496654930003
MJ006-2-barcode70-umi183017bins-ubs-3	-0.1343980160886305	0.34110752701057456	-0.051813241897329526
MJ006-2-barcode58-umi133469bins-ubs-4	0.01106364880113848	0.21614284538930084	-0.12297419803147416
MJ006-2-barcode65-umi178487bins-ubs-3	2.4544377421490187	0.3471487111289438	0.5861032897441336
MJ030-1-barcode49-umi16038bins-ubs-31	2.554995511418973	0.405513612094487	0.07865603131415921
MJ006-1-barcode31-umi142640bins-ubs-3	-1.0105760931170986	-1.1292907767529008	-1.2379353207644364
MJ006-1-barcode38-umi166289bins-ubs-3	3.722163223644778	0.011050896212009564	-0.0874596994577095
G900103425	-0.7618645833057455	0.144612880253844	-0.21239022492365303
HE576794	-3.653988403169899	0.3915375862631049	-0.022677191673629346
HM990965	-3.9092244652118837	0.38372804626433565	0.002797512019061133
JX424772	-1.831490568092614	0.5635172137545089	0.22887007706263257
MJ006-2-barcode52-umi109772bins-ubs-4	2.781511971149546	-2.5434003730782844	0.22659222326769823
MJ006-2-barcode60-umi159169bins-ubs-3	2.5157875969875922	-2.4625064887012393	0.2397255703565006
X72865	-4.3549379724656045	0.4669509604494365	0.06470419090473535
AF473835	-2.2865068697942923	0.24038394590407794	0.3876568727032202
LC487980	-3.0080089888660915	1.189370509876175	-0.955898529355846
MJ005-barcode65-umi84911bins-ubs-3	-0.1570910871983916	0.3111323162254005	0.518693881696251
AB679109	-3.074131435768249	0.30402806293199663	0.5068824006549968
EF108443	-1.9370717750620239	0.05209918797797975	-0.6645864470718735
MJ005-barcode33-umi19895bins-ubs-10	1.0520521297743504	0.2236939031198262	-0.40441199680559725
MJ006-1-barcode39-umi168061bins-ubs-4	0.029537613156190006	0.2602247893273745	-0.19439313868712402
MJ006-1-barcode39-umi160813bins-ubs-3	-3.4665408436097596	0.1060737438981823	0.16647481205204198
MJ006-1-barcode26-umi60721bins-ubs-6	-1.6072591595817556	1.5927133391676453	0.5360823752626499
MJ005-barcode42-umi87138bins-ubs-3	-3.2631589284036058	0.21462226360325565	0.03582598775437476
MJ006-1-barcode49-umi229393bins-ubs-3	3.47107631227207	-2.618781696902689	0.5962591146938486
MJ006-1-barcode49-umi104059bins-ubs-5	-2.0182625973962773	0.08723995718045546	0.8834405129339665
MJ005-barcode58-umi56727bins-ubs-4	3.5793066241145457	0.5974898546503816	0.9570452445705813
MJ005-barcode66-umi76472bins-ubs-3	-5.337731500056944	1.7718604843331767	-0.7453903225891354
MJ006-1-barcode27-umi101326bins-ubs-4	2.402926341864452	0.39665197830819265	0.1587088260988263
MJ006-1-barcode27-umi128021bins-ubs-3	-2.476669835514021	-0.9314482132518919	-0.3230857608770458
G001916865	3.5511448936721695	0.0972823297885034	-0.08519181583352421
MJ006-2-barcode53-umi70825bins-ubs-6	-3.2148540591238453	0.47710364460652444	-0.39475930426740724
MJ006-1-barcode39-umi63437bins-ubs-7	-1.679209182599616	0.4848764904343155	0.010167173815647627
CP001721	3.7214738922785786	0.010930188114384135	-0.08828668350123814
G000225705	4.101873655375276	-2.3794493356921667	0.1852979098957907
ABXH02000033	0.4296224458183845	0.9270867628506136	0.11654754683482649
G000434535	-0.12516397147988867	0.95061355595373	0.3356818637256979
CP001726	-2.4577182856422004	0.008637891588915475	0.18055581063484533
G000270285	3.7246624270223108	-0.0012931920034557687	-0.11571401988805514
KY595972	-1.6533616949639813	0.5798369751763114	-0.3656453555510871
MK588841	-4.253340799027833	-1.2036611294117676	0.2049051633362537
G003343725	3.5553710001043433	0.40192966407940756	0.5512726813559897
MF322780	3.530371138010722	0.5055959652154846	0.757871660873295
AB566418	-3.3202567340479194	-0.7094325382538303	-2.0179292807007623
G000431455	-3.699095615122243	-0.9262065946369763	1.049076868339614
MJ005-barcode57-umi73096bins-ubs-3	-1.5918557990893838	-0.16585260800834872	-0.18400320967789038
AB370250	-2.4920133289018054	-0.8854529016220741	0.009637308780535956
G000434815	-2.560466518779682	-0.09359057512408411	-0.18386734699021431
MJ006-2-barcode73-umi120327bins-ubs-4	-4.254901535431484	1.3184585959550952	-0.9542996994532374
MJ006-1-barcode48-umi165963bins-ubs-3	-4.229305402127269	1.3116658328014619	-0.9535107949781124
MJ006-1-barcode38-umi187776bins-ubs-3	-2.814033917202077	-0.007270613964616281	-0.5384888425026819
HM037997	-3.032970355929199	0.0763089702610134	-0.45697595435482036
MJ006-2-barcode52-umi145578bins-ubs-5	-2.158148679415425	0.43731160329641355	-0.188746169362385
G000437635	-2.4876492583717327	-0.20672011042213664	-0.7808041797265282
MJ006-1-barcode35-umi17034bins-ubs-14	2.3919419863617155	0.2225638555723416	0.28254031221632375
MJ006-1-barcode27-umi114501bins-ubs-4	-0.44329330734520367	0.4689107768533029	-0.757569714646957
MJ006-1-barcode31-umi104350bins-ubs-4	2.6131029748356625	0.1267942795977922	0.22973885044978404
MJ006-2-barcode58-umi188181bins-ubs-3	-2.588032488775635	0.14241601047223384	-0.07327434463543658
MJ006-1-barcode39-umi111854bins-ubs-4	3.6715787157267563	0.02249505508929476	-0.1131901084227162
MJ006-1-barcode37-umi163761bins-ubs-3	2.6351478314936534	0.21051496443536472	0.6256846511527234
MJ010-1-barcode41-umi144942bins-ubs-3	0.8746894387150168	-0.24182891695461095	-0.26444688522510146
MJ006-1-barcode45-umi216535bins-ubs-3	-1.3381245316684252	-0.2676098071360917	-0.23183438191251401
MJ006-1-barcode31-umi53606bins-ubs-8	0.07944366971004257	-0.36359391120310647	-0.054190912559008
MJ006-2-barcode53-umi133722bins-ubs-4	3.645937050089806	-0.11222319874682231	-0.1312367518944528
MJ006-1-barcode37-umi144579bins-ubs-3	-2.3162401618189614	-0.40393745203741055	-0.04540334486001208
MJ006-2-barcode50-umi107933bins-ubs-5	2.859062392570597	0.2140529898911621	-0.1731293775984644
MJ006-1-barcode38-umi164455bins-ubs-3	-1.2985086734708504	0.7961963708741521	-0.7359754308643781
GU562446	0.45588786396055175	-0.40002945092150594	-0.1703825957720132
MJ006-1-barcode42-umi115120bins-ubs-4	3.958911019307012	-2.054248452001575	0.14446000604910794
MJ010-1-barcode30-umi147466bins-ubs-3	-1.5642028584066816	-0.5252617786676238	0.7256670835850757
MJ006-1-barcode28-umi146737bins-ubs-3	3.6940217953483128	0.005081271645395248	-0.12036527685371967
MJ006-2-barcode64-umi158193bins-ubs-4	-2.1021575012315106	0.02466802096396251	0.8999684985589986
MJ030-1-barcode26-umi76865bins-ubs-5	-0.034995439754918034	-0.23791528870400747	0.4803615086895465
MJ030-1-barcode28-umi102937bins-ubs-3	-4.467686150826457	1.3326180694099559	-0.9629145733226993
MJ006-1-barcode46-umi93142bins-ubs-5	-3.7240188287934486	1.784802295459047	-0.3162194389848455
MJ005-barcode57-umi81762bins-ubs-3	1.3863163675339023	-2.230613974820024	0.10055800379139378
MJ006-2-barcode67-umi2136bins-ubs-48	0.3585349278233307	0.8797363741909389	0.8815685354623837
MJ006-2-barcode69-umi170627bins-ubs-3	-2.479537514024464	0.054133537891344646	0.9687433729642451
MJ006-1-barcode27-umi145382bins-ubs-3	-1.579720265080461	0.7823167914404152	-0.19700012158303273
MJ006-1-barcode45-umi117142bins-ubs-4	-2.691334016028892	-0.024216213260799004	-0.11283915855452843
MJ007-2-barcode58-umi44702bins-ubs-4	3.626101185084917	0.3238669065892874	0.5032633644859692
MJ006-2-barcode64-umi242918bins-ubs-3	2.1672046250974337	0.43035273073471136	1.4778705920885113
MJ006-2-barcode65-umi93906bins-ubs-5	1.549600267070094	0.6020353255144585	0.5396600828722696
MJ006-1-barcode25-umi66634bins-ubs-6	-0.7622988471059312	-0.14897918410102814	0.8590527307419803
MJ006-2-barcode61-umi38043bins-ubs-10	3.7243222738152553	-0.00121417522343508	-0.11572080728705487
MK110845	2.282927943103624	0.6777499215758047	0.29751119434313583
MJ020-1-barcode37-umi111719bins-ubs-3	2.77466569861974	0.5572197534422404	0.85972686355709
GQ456229	2.5919817774385234	-0.555116887034077	-0.5069435238910294
MJ006-2-barcode50-umi65492bins-ubs-7	-1.4095939687861616	-0.005555500061155625	0.2122171769236697
MJ006-1-barcode46-umi28289bins-ubs-12	1.4556188245029835	0.09676387125339196	-0.12289836886059739
AY049713	0.5054756449007666	-1.7626125609126548	0.13537078941969474
MJ006-2-barcode63-umi11885bins-ubs-18	3.1805489877631166	0.08588108195131604	-0.1366201508671029
MJ006-2-barcode62-umi104507bins-ubs-4	0.12133963889066242	-0.7870000272452728	0.026238656210783327
MJ009-1-barcode48-umi66082bins-ubs-5	3.7525445347212045	-0.24961479894786806	-0.15829893135777712
MJ006-1-barcode40-umi139459bins-ubs-3	3.678914291982812	0.008683946386629119	-0.1256414994430523
MJ006-1-barcode30-umi174702bins-ubs-3	-3.9263173562920892	0.3860084103370791	0.001749291226515608
MJ006-2-barcode65-umi49107bins-ubs-9	-2.873735076467793	-0.0037548705032950692	-0.3415359308407283
MJ006-1-barcode40-umi135191bins-ubs-4	3.724344680739817	-0.0011144028525904492	-0.11569199352283926
MJ006-1-barcode40-umi145157bins-ubs-3	-2.63665601658148	1.622441870107523	-0.35127850845590486
MJ006-1-barcode37-umi145605bins-ubs-3	-1.8941147082157668	-0.6869459092279189	0.24019776798440304
MJ030-1-barcode27-umi73665bins-ubs-6	2.27237676413836	1.0565277448966455	0.263479424238493
JF824799	3.5543800430695773	0.06918021976757542	-0.09901653439985816
MJ006-1-barcode33-umi152059bins-ubs-3	0.4816000156573445	0.355279313742	-0.45034852655411883
MJ006-1-barcode28-umi100207bins-ubs-4	-3.1713262495529175	0.06867234590791745	0.08745480643607455
MJ006-1-barcode35-umi27872bins-ubs-10	-1.2035009659688984	0.17469373350158102	-0.2626078276091019
MJ006-2-barcode50-umi159573bins-ubs-5	2.2246868912329925	-0.0642174138827626	-0.24847697183803397
MJ006-2-barcode68-umi104855bins-ubs-4	3.0660414252707855	-0.08057622328838256	-0.17707382822793208
MJ006-1-barcode28-umi117901bins-ubs-4	-1.7574579522425837	-0.5195050801032511	1.1762013127240272
MJ006-1-barcode35-umi159136bins-ubs-3	0.40533333119317616	-1.3968628147489401	-0.25093476856939
MJ006-2-barcode67-umi35624bins-ubs-9	2.438499861035449	0.1827929652918536	-0.18070740553582484
MJ030-1-barcode27-umi117090bins-ubs-3	-3.5434492821261605	-0.1477188934707432	-0.030793177266481224
MJ006-2-barcode70-umi168797bins-ubs-4	-2.616586349542055	0.3367109359114673	-0.7287982245160589
MJ006-1-barcode43-umi88158bins-ubs-6	-1.5004041527691934	0.12972714335616636	-0.029192390398385573
MJ006-2-barcode63-umi78984bins-ubs-6	1.0389339658485488	-0.23181024527290073	-0.3001828300681275
MJ006-1-barcode47-umi161181bins-ubs-3	-4.03284630312638	-0.7789646019910393	-0.12282709082760815
MJ020-1-barcode35-umi63176bins-ubs-7	3.491232286092724	-0.05433804656287075	-0.12710330246226195
G000154225	3.7664644564251675	-0.015411365158674332	-0.09436894598594522
MJ006-1-barcode34-umi123274bins-ubs-4	1.7540958366964898	0.38727580594312516	-0.39308826172385813
JQ001784	3.584408016109771	0.06324409173543853	-0.10854247057144208
MJ030-1-barcode26-umi116809bins-ubs-5	3.0356621553999763	0.38958081566717506	0.08184537975550223
AB542932	3.724812201604102	-0.0015560353040194677	-0.1150634179705388
MJ006-2-barcode66-umi174021bins-ubs-3	-3.689506841668029	0.19906129157821556	-0.20731825351938912
G000332875	2.5427098144286417	0.052263725667858495	-0.23763385356103667
MJ005-barcode58-umi56530bins-ubs-5	3.3725468638659137	0.08182357009212779	-0.04178117255497811
MJ009-1-barcode40-umi93431bins-ubs-3	1.5782554420663928	0.5609536153179976	-0.42846854349932856
MJ006-2-barcode71-umi136660bins-ubs-4	0.7957514750090258	0.13424996240645576	0.09632819912994553
MJ005-barcode34-umi27689bins-ubs-8	3.5415017032515292	0.1061911330331767	-0.10103941442583715
MJ006-2-barcode70-umi180588bins-ubs-3	3.7235671090260323	-0.00030709397282463393	-0.11348417676861215
MJ006-2-barcode53-umi39204bins-ubs-9	3.614527248643098	0.05825588434461926	0.026699141275754838
MJ005-barcode33-umi56723bins-ubs-5	3.6856313057862296	-0.04308705823303653	-0.1224008315069953
MJ006-1-barcode37-umi160597bins-ubs-3	3.171748323919952	-0.06588177664199465	-0.20287755596381143
MJ006-2-barcode71-umi157349bins-ubs-3	-3.532153979194775	0.020382699363193275	0.35083679721144134
X96961	3.6818574920208187	0.020194781351007402	-0.11197562068184497
MJ006-1-barcode40-umi47123bins-ubs-8	3.4955926502196286	0.5328352206038739	0.7535271529674274
MJ006-2-barcode53-umi82289bins-ubs-5	3.45318733956982	-0.009273260334781147	-0.05764158273040842
MJ006-1-barcode37-umi167776bins-ubs-3	1.373085425419576	0.5323445959154889	-0.2853527229004442
MJ030-2-barcode73-umi124102bins-ubs-3	3.424426093132362	0.0122871030365598	-0.15379029024808505
G900541615	-4.3449123608402624	-0.03488976740467709	2.0890654361062224
MJ006-2-barcode52-umi185421bins-ubs-3	-0.36445292457848605	-0.0042711946162034605	0.2730390171529785
MJ030-1-barcode49-umi52146bins-ubs-11	1.5844699031127623	0.8741479219636337	-0.0015044365232848274
MJ030-2-barcode68-umi98499bins-ubs-5	1.7524779424738002	-0.3512565198889696	0.06338214631404762
MJ006-2-barcode69-umi156603bins-ubs-3	-1.4554327851997018	0.6184832272835885	-0.10784054981007114
MJ006-2-barcode63-umi35131bins-ubs-9	3.670646260053921	-0.005367099939577046	-0.11935363321167265
MJ006-2-barcode60-umi150694bins-ubs-3	-2.8122428309100815	-0.11949660972602864	-0.13507823252790493
MJ006-1-barcode38-umi132252bins-ubs-3	3.665295526925831	0.029931808563270688	-0.11299355581858879
MJ006-1-barcode37-umi167390bins-ubs-3	2.738091572643395	0.08148126383118641	0.02300180971453997
AB490809	3.621606165523354	0.080074151691606	-0.015233564538416022
MJ030-2-barcode67-umi97966bins-ubs-4	3.307287152576764	0.2980653548177174	0.4714670735129457
MJ006-1-barcode29-umi144710bins-ubs-3	3.4686181981752267	-0.02993418838076197	-0.12546995940121855
AY211542	3.379537438927031	0.02477182707012552	-0.1371397539595443
AB644260	3.512404647169985	0.1088820162078613	-0.10216086305005395
G003340345	3.571165782520982	0.3400206020789886	0.40560983941665724
U49757	2.952961562400337	-0.10407069569679643	-0.18966464417495552
MJ006-2-barcode66-umi128737bins-ubs-4	0.05596185144573154	0.989756635906349	-0.28508808444187134
MJ032-2-barcode64-umi65457bins-ubs-6	3.723139565577474	0.19525140967425528	0.1286889308275512
G002251085	2.696036690429905	-0.13090724411878285	0.029553211791826288
LC438515	3.5605179909641644	0.4083051095718091	0.5679997651153377
MJ007-1-barcode38-umi17823bins-ubs-13	-0.7876766375920911	0.4179019338210953	-0.16655378266099422
D86187	-1.8103808498698775	0.6534565089838748	0.3625726058300169
MJ010-1-barcode30-umi205050bins-ubs-3	-2.9159475866891267	0.519052282693414	-0.3356137461901766
MJ006-2-barcode71-umi30070bins-ubs-11	-0.19471786453624704	0.26793248930365904	-0.3108128781504148
G900552655	0.22223201540806153	0.4251361540833066	-0.27920794668876375
MJ006-1-barcode28-umi155009bins-ubs-3	2.873558443541694	-1.5608829278776086	-0.11772129116528186
MJ030-1-barcode27-umi89103bins-ubs-5	3.5155045147790998	0.530935035150027	0.7998086036993998
MJ009-1-barcode40-umi70890bins-ubs-5	3.1613446275432673	0.1861908914714323	-0.16390678362779518
MJ006-1-barcode35-umi100404bins-ubs-5	3.7242469557336952	-0.0013415003818302205	-0.1157029530865801
MJ006-1-barcode39-umi152737bins-ubs-3	3.1573071277347764	0.047008864080031666	-0.12969624102297048
MJ006-2-barcode65-umi32799bins-ubs-11	3.4876790138730267	0.024241641560876173	-0.14184425658382716
MJ006-1-barcode35-umi72338bins-ubs-5	-1.6271802563100957	-0.016256003120726177	-0.09107910747918613
MJ006-2-barcode58-umi167768bins-ubs-3	3.726409568412069	-0.0017673899975654606	-0.11498586481681415
MJ005-barcode35-umi11418bins-ubs-18	-2.972192343620981	0.3939501066673507	-0.09403052815425554
MF678963	3.7227632795434134	0.01093555571972644	-0.0891554749273152
MJ020-1-barcode37-umi101773bins-ubs-3	1.9354398801649848	0.44495458870589183	0.7251856816795408
MJ006-1-barcode41-umi221853bins-ubs-3	0.5434764801918536	-1.211566304438327	-1.0720895997665447
MJ005-barcode66-umi104510bins-ubs-3	3.7244005565974976	-0.0013477706813344562	-0.11569738666085402
MJ006-1-barcode27-umi120184bins-ubs-5	3.3605443366662198	0.10931119259261717	-0.14061800656919704
MJ006-1-barcode39-umi142223bins-ubs-3	-1.5523397244768855	-0.05652662863383533	0.13766937568559795
G000508965	3.5257252015884406	-0.0924080291126709	-0.10434843448941578
MJ006-1-barcode33-umi144504bins-ubs-3	-0.9892431456392654	0.446663996530012	-0.07973950954324498
MJ009-1-barcode40-umi30023bins-ubs-12	-1.8788743881295198	0.2113373909167313	-0.017384682203768844
MJ009-1-barcode25-umi76871bins-ubs-4	2.017115750241791	0.1356798498897856	-0.18287526220863534
MJ006-1-barcode38-umi194118bins-ubs-3	-2.735938169850004	0.3609677177574551	-0.17348236740979434
MJ020-2-barcode50-umi6607bins-ubs-83	3.5587580991286347	0.02375212293577009	-0.11757858433731869
MJ006-2-barcode62-umi164778bins-ubs-3	0.6785472315484097	-0.9241613480326565	0.12308033978195025
MJ032-2-barcode68-umi55737bins-ubs-10	3.7242985717838644	-0.0012270858585073459	-0.11568264775683985
MJ006-1-barcode38-umi140014bins-ubs-3	1.7852850954811756	1.0334476684625833	-0.18443607043923613
MJ006-1-barcode30-umi233507bins-ubs-3	-3.7476073746534646	0.3934470910648311	-0.009546505160323867
MJ006-1-barcode30-umi153703bins-ubs-3	-4.838711859427413	0.2741469535684091	0.9239536253556518
MJ006-2-barcode72-umi161506bins-ubs-3	3.2616097757117783	-0.3867241206999729	-0.08697543761544838
MJ006-1-barcode28-umi137032bins-ubs-4	-1.9340343727216107	0.40480349230446094	-0.25394393504376556
MJ006-1-barcode33-umi230683bins-ubs-3	-2.4174978916405157	1.2666933666721163	-0.2091015918002595
MJ006-2-barcode65-umi169701bins-ubs-3	-2.9150773290433336	-0.02161508072532427	-0.36161669512104916
MJ005-barcode49-umi76161bins-ubs-3	0.6460291310838904	-0.7527339438111988	0.16411545496041996
MJ006-1-barcode31-umi139678bins-ubs-5	-1.6020089772982513	-0.7548849967216483	1.2414481165431848
MJ006-2-barcode62-umi186953bins-ubs-3	-1.713275363987992	0.17908984966916847	-0.2736504180285777
MJ006-2-barcode67-umi6355bins-ubs-22	-3.9337060888113498	0.7356216503966009	-0.25189746919023964
MJ006-2-barcode58-umi106963bins-ubs-4	-0.8127734899156139	0.7193631801970144	-0.20120185945462984
MJ006-2-barcode73-umi250064bins-ubs-3	-3.522981504019787	0.3468565694319789	0.7730350779686845
MJ006-2-barcode58-umi153501bins-ubs-3	0.39779283768342993	-0.015511860148396853	0.015114617772455801
MJ006-1-barcode36-umi150110bins-ubs-3	3.724318731572281	-0.0012309677367235105	-0.11568336331554899
MJ006-1-barcode32-umi150642bins-ubs-3	2.1489992111642913	0.4478212392006303	-0.2664720390438498
MJ030-1-barcode27-umi33038bins-ubs-15	-0.696314821369735	-0.1428891692275336	0.09024616731259
MJ006-1-barcode48-umi113330bins-ubs-4	0.8008222989560516	0.8871223647678729	0.23488591094372344
MJ006-2-barcode62-umi134096bins-ubs-4	-2.055314820237766	-0.2834483902780682	-0.22343627979424568
MJ006-2-barcode57-umi120837bins-ubs-4	1.47861706477567	1.525271206267815	0.3737076590589244
MJ006-2-barcode70-umi30754bins-ubs-12	-2.430543774836281	-0.6805450777885842	-0.07374780569067936
MJ006-2-barcode70-umi180855bins-ubs-3	-5.792688957180531	-1.2006859493344595	0.31857173532878874
MJ006-1-barcode35-umi105708bins-ubs-4	-1.4324344006059226	-0.34098971616809143	-0.19003331605923138
MJ006-1-barcode25-umi247660bins-ubs-3	-2.645346632365274	0.25727737550299856	-0.13230747355364944
MJ006-1-barcode28-umi185483bins-ubs-3	-4.005346436384543	-0.032019023631598656	0.10917088994653387
MJ006-1-barcode43-umi209265bins-ubs-3	-1.5971284000010124	0.4128316220517467	-0.27614493931000833
MJ006-1-barcode29-umi240863bins-ubs-3	-2.6352543438478913	-0.36127407144956447	-0.00768013344930789
MJ006-2-barcode54-umi170591bins-ubs-3	-3.9953912540400425	0.5532864278215739	0.45693731247387964
MJ006-2-barcode72-umi142186bins-ubs-3	0.7309751754588649	-1.4451693872934188	-0.717393182784858
AB916502	2.608526888287414	-0.5648388284472667	0.06167298299985778
MJ005-barcode33-umi29888bins-ubs-8	-2.734319400954304	0.08618580484595155	-0.10170477223511466
MJ006-1-barcode28-umi146099bins-ubs-3	-1.663637670182944	0.44804216479357006	-0.25861181727868343
MJ006-2-barcode66-umi142467bins-ubs-3	-1.5154817417009716	-0.6278668915121737	-0.342973030516313
MJ006-1-barcode43-umi127373bins-ubs-3	-1.7414143875058694	0.2516143090977141	-0.0023259639566222804
MJ006-2-barcode50-umi145214bins-ubs-3	3.192616937406356	0.04773627332520655	-0.13158388026020376
MJ010-2-barcode64-umi79005bins-ubs-7	3.6088467550915873	-0.0113733572244469	-0.11953561850605941
MJ030-2-barcode63-umi127171bins-ubs-3	-1.8660170275526382	0.48012929611444843	0.48119918920912325
D86195	3.616137326275428	0.43743687841861745	0.8716166445824202
MJ006-1-barcode34-umi159327bins-ubs-3	2.0883071965246467	0.26822069170374696	-0.060048174215823015
MJ006-2-barcode69-umi73117bins-ubs-7	3.7238642029306535	-0.00039622636173494675	-0.11589339825555989
MJ005-barcode74-umi21908bins-ubs-11	-3.8422598325881228	0.3437362629128693	-0.2853728035199563
MJ006-1-barcode39-umi81778bins-ubs-5	1.8296306300710445	0.17356424362956616	-0.1376788553737458
MJ006-2-barcode69-umi146522bins-ubs-3	3.489037768125525	-0.02727292379508713	-0.11902061163348025
MJ006-2-barcode61-umi175627bins-ubs-3	-1.3588770023128283	1.331288379430383	-0.3370332060640992
MJ006-2-barcode74-umi212758bins-ubs-3	3.3234208125264515	0.06160920398504764	-0.10877774958864889
MJ005-barcode33-umi24317bins-ubs-9	-2.475200607800255	0.022899585562375993	-0.2031964903365479
MJ006-1-barcode37-umi136410bins-ubs-3	-3.4282150296532077	-0.24177976647389907	-0.4211086768130019
MJ006-1-barcode25-umi867bins-ubs-52	3.179239756503089	0.1114607929465554	-0.17716725615833478
MJ006-1-barcode28-umi134799bins-ubs-3	-1.9395699827643595	-1.3991923084187534	0.11660564540073373
MJ006-1-barcode27-umi162253bins-ubs-3	3.6997021848280913	-0.023280672212679664	-0.09654638445899569
MJ005-barcode50-umi36165bins-ubs-7	3.6575457864870504	-0.008799565016156878	-0.11785536325753548
MJ006-1-barcode25-umi151647bins-ubs-3	-2.5476705756028153	0.5399142947800866	-0.5017249439057772
MJ006-2-barcode60-umi163946bins-ubs-3	-2.828628795366947	-0.15438543248903214	-0.18884967304255415
MJ006-1-barcode38-umi138420bins-ubs-3	-2.4701658206458945	-0.9851110315686957	-0.48514873743187614
MJ006-2-barcode58-umi182651bins-ubs-3	3.2877565656473227	0.00665408555455771	-0.1491379117484864
MJ006-2-barcode60-umi180790bins-ubs-4	-1.4969898446552026	-2.397757165521247	0.4336399983346704
MJ006-2-barcode65-umi124257bins-ubs-4	-1.9036656396964728	0.05985002615175982	0.7903420220646334
MH517444	3.4834405693602912	0.10401085597093429	-0.12296624519188515
G900604345	3.722978131608155	0.006669269580698154	-0.09717894693540047
MJ006-2-barcode69-umi175247bins-ubs-3	3.617152328037975	-0.05889311918702866	-0.09156925259394857
MJ006-1-barcode38-umi132431bins-ubs-4	3.6691972772375667	-0.008994407653925554	-0.12427689139126058
MJ006-1-barcode28-umi136153bins-ubs-3	3.712299617708736	-0.0335425681002975	-0.17953469470501626
MJ006-1-barcode37-umi165551bins-ubs-3	3.6735285376577362	0.022098939215524756	-0.11229641360520566
MJ010-1-barcode30-umi166152bins-ubs-3	3.784255434346753	-0.004715705444167805	-0.04141993073253183
MJ006-1-barcode27-umi92955bins-ubs-5	3.3503454013869645	-0.045480715707027865	-0.13400663354191142
MJ006-1-barcode38-umi239347bins-ubs-3	3.72397354508097	-0.0010801022758388215	-0.11611232818799536
MJ006-1-barcode25-umi98998bins-ubs-4	3.6753248530032567	0.1257853503737754	0.09827770483287737
MJ006-1-barcode38-umi125576bins-ubs-3	3.0200422316125195	0.3155019549322696	-0.09646529710264848
MJ006-1-barcode33-umi171837bins-ubs-3	-2.8943215248437317	-0.07296717792570616	-0.38071822984612397
MJ006-2-barcode70-umi150157bins-ubs-3	-3.969087914285399	0.04661106819724612	0.6057784361253402
MJ006-1-barcode34-umi138393bins-ubs-4	3.0143112593498027	-0.04741413727547025	-0.14682432864749703
MJ010-2-barcode59-umi125740bins-ubs-4	0.5575803321643652	0.5809170258755607	-0.14643273669053045
MJ006-2-barcode71-umi174996bins-ubs-3	-1.527671756414592	0.5789840779074144	-0.046626481154485484
MJ006-2-barcode53-umi222119bins-ubs-3	-0.6099772749104866	0.4491189196141322	0.33148517772353286
MJ006-1-barcode40-umi138736bins-ubs-3	-1.3121183150050064	-2.3412818361440535	0.400108267108498
MJ006-2-barcode64-umi271597bins-ubs-3	2.1482441457555725	0.43058520002087686	0.4488779531942418
MJ010-1-barcode30-umi154386bins-ubs-3	3.724444044901238	-0.0011637325037343756	-0.11578396287260762
AAVN02000007	0.3514851317115449	1.0052022869695267	0.3944737774206869
MJ009-1-barcode25-umi36641bins-ubs-9	2.137031562797363	0.22783724279541534	-0.06319242113453635
MJ020-2-barcode74-umi70850bins-ubs-4	3.7106529613262706	0.01156593158339072	-0.09642550608103542
MJ006-2-barcode70-umi261978bins-ubs-3	3.7700449827099645	-0.026821629066447975	-0.11774628458463064
MJ009-1-barcode25-umi77910bins-ubs-4	3.6871626398104564	-0.006283117684262543	-0.12358796597217118
MJ006-1-barcode39-umi104218bins-ubs-4	1.355809243810523	0.284370055872187	0.2005209182793674
MJ010-1-barcode30-umi159429bins-ubs-3	1.641691972026786	0.02429014517016392	-0.11872417353918646
MJ006-1-barcode46-umi241941bins-ubs-3	3.192896369551008	-0.029140841794476534	-0.14851227092007652
FJ611794	3.6357595985376667	0.04708793896906601	-0.07826157797450835
MJ006-1-barcode28-umi101246bins-ubs-4	3.7243351994813714	-0.0013474885671625695	-0.115734232330853
MJ007-2-barcode54-umi11393bins-ubs-30	3.482019904617051	-0.02965209928313799	-0.12924854650990844
MJ006-2-barcode59-umi124941bins-ubs-4	-2.491436552898899	-0.7724845561184869	2.01467070760265
MJ006-2-barcode55-umi105688bins-ubs-4	-0.023191921481774683	0.4464159141886564	-0.3348714208609273
MJ005-barcode33-umi43847bins-ubs-6	-3.443171537243986	0.5586126726901068	-0.4970889659560834
MJ006-1-barcode30-umi109917bins-ubs-4	3.5337449560011	-0.012331558619345255	-0.1317895281220851
MJ005-barcode82-umi96835bins-ubs-3	-0.2443196439018361	-0.4787615862027606	0.04428969366925401
AB547675	2.224984613013663	0.4005188052319135	-0.2834667437950922
MJ020-1-barcode29-umi101112bins-ubs-4	3.5798851808237826	0.04828999284093904	-0.11699300060077635
MJ007-2-barcode57-umi45392bins-ubs-4	-1.1557299577833702	0.44667174048763447	0.27537322946288234
MJ020-2-barcode50-umi31586bins-ubs-15	-2.9351142399898884	-0.010491226630412201	-0.16075680039202284
MJ006-1-barcode39-umi133537bins-ubs-3	3.38266358235227	0.0576974290667124	-0.19229312961086525
MJ007-2-barcode58-umi33707bins-ubs-8	3.493306975105074	-0.023906700972194314	-0.1236758854895378
MJ031-1-barcode44-umi29555bins-ubs-9	2.104592063981867	0.4219187948140038	-0.2211107388053749
MJ006-2-barcode63-umi4065bins-ubs-31	3.7225506665967023	0.010142450392630646	-0.08914802273763837
MJ006-1-barcode37-umi112425bins-ubs-4	3.72344522517072	-0.01484915581459758	-0.14106998838484508
MJ006-1-barcode39-umi140787bins-ubs-3	3.712605770070376	0.0016896107979855529	-0.11920206900538106
MJ005-barcode33-umi3610bins-ubs-42	0.6022248326948509	0.6646625725813946	-0.5380135079891719
MJ006-2-barcode52-umi148100bins-ubs-4	-2.3875529035285905	0.28359579145762753	0.06023731746041337
MJ005-barcode49-umi74120bins-ubs-4	3.350788670110467	-0.0014716272238528354	-0.16471601851775378
LC368255	3.6529694163626933	0.06124124150854532	-0.1036581790802511
G000156535	-4.182006774047551	-0.24823817833808542	-0.07245175331887649
MJ006-2-barcode50-umi250074bins-ubs-3	3.7247047533059283	-0.0014018781539906402	-0.11572751879128433

Site	111	3
TotalCarbohydrate	-0.18470106774114722	-0.09970385331067513	0.11594036281525073
TotalProtein	-0.06700304660546864	0.07728044415599832	-0.022287407767277514
AnimalProtein	-0.055036401694299755	0.18933493404180002	-0.012830808861938926
VegetableProtein	-0.09033146754710622	-0.11319846443447107	-0.03963586408830541
Cholesterol	-0.10050442017276667	0.22843429603966653	0.08618244980937585
SFA	-0.06768288491880348	0.11573051910954141	-0.02791266049965678
MUFA	-0.0912688849244654	0.0478590323312385	-0.030434809728680845
PUFA	-0.09093979664013463	0.010250116606426168	-0.01762471891190315
Fructose	-0.093559036915031	-0.11825269253651194	0.16664869007872984
Galactose	0.05690888117772954	-0.08661678390124866	-0.06747711191992962
Glucose	-0.11087233191005824	-0.11767757102041589	0.0923305117128324
Lactose	0.04641684650058052	0.26429218907131496	0.01908384793402295
Maltose	-0.04175352640964034	-0.05321246228745274	-0.06655154563566762
Sucrose	-0.10445923776598888	-0.10072066873983951	0.02425279607748762
Starch	-0.0769162691723527	-0.10392641230336314	-0.006389445566462138
TotalDietaryFiber	-0.06814847443589996	-0.11784502863155014	0.022882268222230634
SolubleDietaryFiber	-0.03339176681139616	-0.07604499339841998	0.07572569841941638
InsolubleDietaryFiber	-0.07384188146132156	-0.13339933523277386	-0.008293194099344687
Pectins	-0.051471208193922716	-0.10784821496223039	0.013320709448010677
VitaminA	-0.029820061728303284	0.0759267266237967	0.6340543704612511
VitaminD	0.027048345526510573	0.16911890117979309	0.015523877130265427
VitaminE	-0.07766249633766097	-0.09347486004681779	-0.023263027634252476
VitaminK	-0.16798673713872037	-0.07878678496430054	-0.3244751077922771
VitaminC	-0.17189966411342936	-0.10934088396467713	-0.034530301299951834
Thiamin	-0.006100043121802639	-0.06439716316640047	-0.034098066195703255
Riboflavin	0.00922347048900387	-0.01659187137835877	0.03805558449782494
Niacin	-0.07704155114838758	-0.08007867972359478	-0.02888740179623264
PantothenicAcid	-0.0362099808382271	0.05436705815415266	0.04722985541959394
VitaminB6	-0.010432127414205562	-0.09715065774431195	0.020102344134434874
Folate	-0.03224793218256148	-0.27805421382743345	0.01034703769472644
VitaminB12	-0.054653503293495546	0.06645956089591572	0.45702575893012015
Calcium	-0.011071372188460148	0.1291648370341201	0.046059506645284146
Phosphorus	-0.03283259630047261	0.07086062829206506	0.04133675210156413
Magnesium	-0.04527079093269524	-0.0179747574187756	0.030548742055925476
Iron	0.003808080911561398	-0.19096450089364936	0.07762461443039197
Zinc	-0.03711353437795771	-0.07084487809124573	-0.02774979981858718
Copper	-0.011600005445644747	-0.03616054180674425	0.21009042250209758
Selenium	-0.0851710020727569	0.06233396468617534	-0.056665986694394
Sodium	-0.11920345508067257	0.016595397947199622	-0.031206642850939572
Potassium	-0.08633144835116525	0.007598779801072867	0.04699824372302288
butyricacid	0.07187477330624058	0.04940182471873084	-0.0015685854235149687
caproicacid	0.10779417452957425	0.045453613050017695	-0.01258524401093957
caprylicacid	0.1159292639738373	0.044592666596740396	-0.03603523467966371
capricacid	0.07925366632910448	0.04961170005443676	-0.02665363509831995
lauricacid	0.044074838105544814	0.04085072795426767	-0.05119566722295477
myristicacid	-0.007025807151813075	0.11080300556125994	-0.02843672923721858
palmiticacid	-0.07052810542426784	0.10030663691624302	-0.028327538257743087
margaricacid	0.1721148067978149	-0.009158690904082587	-0.003112583807870773
stearicacid	-0.057228242910389575	0.09008421106868064	-0.04209736859613919
arachidicacid	0.14149437183599	-0.02979796009122356	-0.02271196246446263
behenicacid	0.13856559513886185	-0.037425265465053086	-0.03604123330998292
myristoleicacid	0.17885806063056608	-0.0056898446468733235	-0.014127470947435569
palmitoleicacid	0.02101232521286404	0.03385092426575501	-0.05677742878747219
oleicacid	-0.09024197656195788	0.04484080257402603	-0.028525767163806438
gadoleicacid	0.12297170920137265	-0.015959092285527766	-0.03457534556071437
erucicacid	0.20300107718444096	-0.021694888879985774	0.0030158694929178485
linoleicacid	-0.08550150473766255	0.0002901905855042994	-0.013232881333408313
linolenicacid	-0.03221016214340056	0.037293251246852344	-0.071876701862493
parinaricacid	0.2099507059239702	-0.018150884169718405	0.006953849970394447
arachidonicacid	0.1645605308478942	-0.0036406194134795404	-0.003946483852615726
EPA	0.20416982001439407	-0.019080100802462887	0.007454961454597173
DPA	0.2025949051120913	-0.015674009341329193	0.0020550792121962684
DHA	0.18575076550274802	-0.012019109665036158	-0.002708730681088404
Tryptophan	0.045842265902093414	0.018801042729564274	-0.028333713990829144
Threonine	-0.023274258120163403	0.06627328778087889	-0.027583809320000475
Isoleucine	-0.02555171718756865	0.07374662500880746	-0.022771882268046863
Leucine	-0.04337417405761325	0.07157412048101004	-0.018086408216427798
Lysine	-0.036340038824344646	0.10709925774426461	-0.018491760841753267
Methionine	0.007639710762200447	0.06340709672121003	-0.03041226871920423
Cystine	0.042280607749285826	0.005068194432280088	-0.02342859642870845
Phenylalanine	-0.02773730746458818	0.05101251467679395	-0.018752611152663502
Tyrosine	-0.01477132860997831	0.06868097666313622	-0.018663307416258802
Valine	-0.029927170582053592	0.07090647011462857	-0.015027712219907532
Arginine	-0.043046431695236816	0.044252360275466675	-0.03595385956027949
Histidine	-0.005654416017901918	0.04836355741451851	-0.030537978132807658
Alanine	-0.03435850646928239	0.05538208782023125	-0.03158763110542843
AsparticAcid	-0.0544294042417637	0.06208661526198475	-0.018944560628253115
GlutamicAcid	-0.06069502978534293	0.054058995391240844	-0.022921917583044762
Glycine	-0.02601563769313499	0.043776291772312265	-0.0395567983675326
Proline	-0.04180023078152545	0.05909729656369551	-0.019315196944812645
Serine	-0.028382642967629067	0.054437923554315794	-0.0156295849558955
PhyticAcid	-0.0021686537417565277	-0.18326114305852392	0.011577811164059417
OxalicAcid	-0.09071338299051993	-0.1333706332298081	-0.0864561112529969
Methylhistidine	-0.07081716676812423	0.09319497560883983	-0.13054069758628803
transoctadecenoicacid	0.0025107064907593808	-0.006542551898066006	-0.007179628485310993
transoctadecadienoicacid	0.09947016421079959	-0.0010395506030050148	-0.037496624764325616
tanshexadecenoicacid	0.18642659921569604	-0.01433377826450576	-0.006866794046989987
TotalTransFattyAcids	-0.010512714854739315	0.010880262223581696	-0.017722300107088647
DietaryFolateEquivalents	-0.0209182830729779	-0.3235564325695171	0.010078760598348299
TotalSugars	-0.07065343816965208	-0.0333522638141627	0.08107946497569811
Omega3FattyAcids	-0.0332679733355868	0.04339909656206833	-0.07032083871110775
Manganese	0.0007297201739054838	-0.11661488183361927	0.03363103557693394
AddedSugars	-0.05542861138800789	-0.057894737082939185	-0.01435366887172446
Choline	-0.07785208718332148	0.12704921357221563	0.08302879054327106
Betaine	-0.02944958910579543	0.02969509007083346	-0.14237994613704874
Inositol	0.14834833016303564	-0.026391435594439475	0.0125525042429875
Mannitol	0.09299276573134196	-0.11521023120531267	-0.02052682454229724
Pinitol	0.20285915631370333	-0.024476917455437272	0.0018954656066364319
Sorbitol	-0.011619100579224932	-0.05701669221518106	0.053111849018712416
Xylitol	0.2008874792576404	-0.021421531771858682	0.003193261463248234
Nitrogen	-0.06072854968546414	0.06513569013952694	-0.024845219521120288
CLA	0.1495691375949107	-0.0002032656781100636	-0.019425368690196922
CLAcis9trans11	0.157443086253349	-0.0022340760517135464	-0.015345245950281198
CLAtrans10cis12	0.19882011689638468	-0.015134620674811314	0.0008039824830883406
Tagatose	-0.005103308526379106	0.259255098458662	-0.050363908631687535
AddedSugarsTotalSugars	-0.05457181989446864	-0.07550433382847001	0.00047359905431645227
TotalGrains	-0.04556627945963084	-0.08909617684464127	-0.04210072029407823
WholeGrains	0.13441932214162983	-0.11764689868948071	0.10414565740390816
RefinedGrains	-0.10047915313038931	-0.0684850686820094	-0.10250892717218124
ALA	-0.029905919604162896	0.041138339282509	-0.07200864517624542
SolidFats	-0.07523605280518815	0.1125845396082764	-0.03512482525300612

Biplot	0	0

Site constraints	0	0
